image_width: 848
image_height: 480
camera_name: d405
camera_matrix:
  rows: 3
  cols: 3
  data: [431.19696044921875, 0.0, 417.8511047363281, 0.0, 430.702392578125, 241.81179809570312, 0.0, 0.0, 1.0]
distortion_model: plumb_bob
distortion_coefficients:
  rows: 1
  cols: 5
  data: [-0.05383681878447533, 0.05546494945883751, 7.652952626813203e-05, 0.0005033718189224601, -0.017645271494984627]
rectification_matrix:
  rows: 3
  cols: 3
  data: [1.0, 0.0, 0.0, 0.0, 1.0, 0.0, 0.0, 0.0, 1.0]
projection_matrix:
  rows: 3
  cols: 4
  data: [431.19696044921875, 0.0, 417.8511047363281, 0.0, 0.0, 430.702392578125, 241.81179809570312, 0.0, 0.0, 0.0, 1.0, 0.0]
