image_width: 1280
image_height: 720
camera_name: oak
camera_matrix:
  rows: 3
  cols: 3
  data: [1029.76025390625, 0.0, 646.086669921875, 0.0, 1029.76025390625, 360.1061706542969, 0.0, 0.0, 1.0]
distortion_model: rational_polynomial
distortion_coefficients:
  rows: 1
  cols: 8
  data: [6.681290626525879, -94.5271224975586, -0.0001643801952013746, -0.00016407053044531494, 418.0346984863281, 6.477302551269531, -92.77515411376953, 410.8146057128906]
rectification_matrix:
  rows: 3
  cols: 3
  data: [1.0, 0.0, 0.0, 0.0, 1.0, 0.0, 0.0, 0.0, 1.0]
projection_matrix:
  rows: 3
  cols: 4
  data: [1029.76025390625, 0.0, 646.086669921875, 0.0, 0.0, 1029.76025390625, 360.1061706542969, 0.0, 0.0, 0.0, 1.0, 0.0]
